=== Run information ===

Scheme:
	SMOreg -C 1.0 -N 0 -I "RegSMOImproved -T 0.001 -V -P 1.0E-12 -L 0.001 -W 1" -K "PolyKernel -E 1.0 -C 250007"

Lagged and derived variable options:
	-F Denuncias -L 1 -M 1 -G Periodo -month -quarter

Relation:     MP Datos Proyecto Final (serie)
Instances:    60
Attributes:   2
              Periodo
              Denuncias

Transformed training data:

              Periodo
              Denuncias
              Lag_Denuncias-1
              Periodo^2
              Periodo^3
              Periodo*Lag_Denuncias-1

Denuncias:
SMOreg

weights (not support vectors):
 +       0.1757 * (normalized) Periodo
 +       0.6596 * (normalized) Lag_Denuncias-1
 +       0.1423 * (normalized) Periodo^2
 -       0.0375 * (normalized) Periodo^3
 -       0.1704 * (normalized) Periodo*Lag_Denuncias-1
 +       0.2133



Number of kernel evaluations: 1830 (88.399% cached)

=== Predictions for training data: Denuncias (1-step ahead) ===

      inst#       actual    predicted        error
          2         5482    5506.3366      24.3366
          3         5459    5510.7859      51.7859
          4         5815    5500.7216    -314.2784
          5         6089    5736.5062    -352.4938
          6         6044    5918.0805    -125.9195
          7         6538    5893.8132    -644.1868
          8         6219    6215.0605      -3.9395
          9         5935    6016.0679      81.0679
         10         6401    5841.2657    -559.7343
         11         5652    6142.6027     490.6027
         12         5636    5676.5731      40.5731
         13         6655    5674.5975    -980.4025
         14         6597    6320.0195    -276.9805
         15         4745    6290.2366    1545.2366
         16         1955    5148.5693    3193.5693
         17         3353    3437.0099      84.0099
         18         4316     4316.047        0.047
         19         4479     4921.989      442.989
         20         5035    5035.2964       0.2964
         21         5604    5386.9998    -217.0002
         22         5937    5744.1548    -192.8452
         23         5074    5956.5422     882.5422
         24         5353    5449.5033      96.5033
         25         5139    5629.8843     490.8843
         26         5589    5515.6162     -73.3838
         27         6980     5796.462    -1183.538
         28         6340    6631.0875     291.0875
         29         6747    6264.7309    -482.2691
         30         6515     6514.953       -0.047
         31         6367     6390.802       23.802
         32         6576    6316.8379    -259.1621
         33         6665     6450.289     -214.711
         34         7523    6513.8713   -1009.1287
         35         6096    7018.1252     922.1252
         36         6876    6214.0459    -661.9541
         37         6601    6671.6161      70.6161
         38         6299    6528.5475     229.5475
         39         7377    6371.8458   -1005.1542
         40         6694     6990.985      296.985
         41         7617    6621.4997    -995.5003
         42         6933    7148.5814     215.5814
         43         6381    6781.7246     400.7246
         44         7553    6491.1804   -1061.8196
         45         7291    7149.4001    -141.5999
         46         7353      7018.81      -334.19
         47         6350    7065.8496     715.8496
         48         6727    6536.3306    -190.6694
         49         6848    6755.4343     -92.5657
         50         6097    6835.5419     738.5419
         51         7174     6449.692     -724.308
         52         6289    7039.0555     750.0555
         53         6927    6585.5182    -341.4818
         54         6605    6938.2624     333.2624
         55         7075    6784.9653    -290.0347
         56         7057    7046.4217     -10.5783
         57         6812    7052.3801     240.3801
         58         6478    6941.2734     463.2734
         59         5630    6785.7236    1155.7236
         60         6663    6368.9291    -294.0709

=== Future predictions from end of training data ===
inst#    Denuncias 
1             5482 
2             5482 
3             5459 
4             5815 
5             6089 
6             6044 
7             6538 
8             6219 
9             5935 
10            6401 
11            5652 
12            5636 
13            6655 
14            6597 
15            4745 
16            1955 
17            3353 
18            4316 
19            4479 
20            5035 
21            5604 
22            5937 
23            5074 
24            5353 
25            5139 
26            5589 
27            6980 
28            6340 
29            6747 
30            6515 
31            6367 
32            6576 
33            6665 
34            7523 
35            6096 
36            6876 
37            6601 
38            6299 
39            7377 
40            6694 
41            7617 
42            6933 
43            6381 
44            7553 
45            7291 
46            7353 
47            6350 
48            6727 
49            6848 
50            6097 
51            7174 
52            6289 
53            6927 
54            6605 
55            7075 
56            7057 
57            6812 
58            6478 
59            5630 
60            6663 
61*      6914.1976 
62*      7058.3013 
63*      7147.2451 

=== Evaluation on training data ===
Target                             1-step-ahead  2-steps-ahead  3-steps-ahead
=============================================================================
Denuncias
  N                                          59             58             57
  Mean absolute error                  462.8127       543.6249       582.0902
  Mean absolute percentage error         9.2907        11.7171        12.5628
  Root mean squared error              690.3052       819.4458       865.6446
  Mean squared error                476521.3334    671491.4515    749340.6114

Total number of instances: 60