=== Run information ===

Scheme:
	MultilayerPerceptron -L 0.3 -M 0.2 -N 500 -V 0 -S 0 -E 20 -H a

Lagged and derived variable options:
	-F Denuncias -L 1 -M 1 -G Periodo -month -quarter

Relation:     MP Datos Proyecto Final (serie)
Instances:    60
Attributes:   2
              Periodo
              Denuncias

Transformed training data:

              Periodo
              Denuncias
              Lag_Denuncias-1
              Periodo^2
              Periodo^3
              Periodo*Lag_Denuncias-1

Denuncias:
Linear Node 0
    Inputs    Weights
    Threshold    -0.4369279116929705
    Node 1    0.23255540489075138
    Node 2    1.3351074785704626
    Node 3    0.3986314294826545
Sigmoid Node 1
    Inputs    Weights
    Threshold    -2.3896239685515206
    Attrib Periodo    0.11043202998743226
    Attrib Lag_Denuncias-1    -0.2520541370596347
    Attrib Periodo^2    0.6006739543661154
    Attrib Periodo^3    0.15978914080731466
    Attrib Periodo*Lag_Denuncias-1    -0.5551957410694891
Sigmoid Node 2
    Inputs    Weights
    Threshold    2.4546160046064056
    Attrib Periodo    -0.45506834129826085
    Attrib Lag_Denuncias-1    3.0427704979884624
    Attrib Periodo^2    1.9423081155296629
    Attrib Periodo^3    0.9786383403196914
    Attrib Periodo*Lag_Denuncias-1    0.20373902675267927
Sigmoid Node 3
    Inputs    Weights
    Threshold    -2.138957977260838
    Attrib Periodo    -0.038522302206296107
    Attrib Lag_Denuncias-1    -0.7244407877859071
    Attrib Periodo^2    0.32933441944617214
    Attrib Periodo^3    0.17720725139710755
    Attrib Periodo*Lag_Denuncias-1    0.043923404918351956
Class 
    Input
    Node 0


=== Predictions for training data: Denuncias (1-step ahead) ===

      inst#       actual    predicted        error
          2         5482    6022.3064     540.3064
          3         5459    6018.3204     559.3204
          4         5815    5994.8426     179.8426
          5         6089    6311.9413     222.9413
          6         6044    6526.8997     482.8997
          7         6538    6498.1434     -39.8566
          8         6219    6815.4684     596.4684
          9         5935    6633.0726     698.0726
         10         6401     6439.598       38.598
         11         5652     6762.478     1110.478
         12         5636    6234.8029     598.8029
         13         6655    6238.8012    -416.1988
         14         6597    6923.8622     326.8622
         15         4745    6910.0745    2165.0745
         16         1955     5453.209     3498.209
         17         3353    3914.3328     561.3328
         18         4316    4361.0579      45.0579
         19         4479    5131.4696     652.4696
         20         5035    5329.2462     294.2462
         21         5604     5928.856      324.856
         22         5937    6470.6972     533.6972
         23         5074    6733.3156    1659.3156
         24         5353    6107.8919     754.8919
         25         5139    6399.8216    1260.8216
         26         5589    6270.7349     681.7349
         27         6980    6663.9295    -316.0705
         28         6340      7225.56       885.56
         29         6747    7089.3923     342.3923
         30         6515    7212.6731     697.6731
         31         6367    7181.8768     814.8768
         32         6576    7168.0838     592.0838
         33         6665    7232.9451     567.9451
         34         7523    7264.7968    -258.2032
         35         6096    7352.1069    1256.1069
         36         6876    7200.0545     324.0545
         37         6601    7330.2398     729.2398
         38         6299    7318.2065    1019.2065
         39         7377    7300.0107     -76.9893
         40         6694    7380.8541     686.8541
         41         7617    7363.6593    -253.3407
         42         6933     7395.399      462.399
         43         6381    7392.1565    1011.1565
         44         7553    7382.4049    -170.5951
         45         7291    7409.6418     118.6418
         46         7353    7415.4028      62.4028
         47         6350      7420.34      1070.34
         48         6727    7425.6066     698.6066
         49         6848     7435.736      587.736
         50         6097    7441.6457    1344.6457
         51         7174    7453.4737     279.4737
         52         6289    7448.1378    1159.1378
         53         6927    7470.3034     543.3034
         54         6605    7464.5085     859.5085
         55         7075    7478.6952     403.6952
         56         7057    7472.1808     415.1808
         57         6812     7478.504      666.504
         58         6478    7492.4974    1014.4974
         59         5630    7511.1157    1881.1157
         60         6663    7552.2589     889.2589

=== Future predictions from end of training data ===
inst#    Denuncias 
1             5482 
2             5482 
3             5459 
4             5815 
5             6089 
6             6044 
7             6538 
8             6219 
9             5935 
10            6401 
11            5652 
12            5636 
13            6655 
14            6597 
15            4745 
16            1955 
17            3353 
18            4316 
19            4479 
20            5035 
21            5604 
22            5937 
23            5074 
24            5353 
25            5139 
26            5589 
27            6980 
28            6340 
29            6747 
30            6515 
31            6367 
32            6576 
33            6665 
34            7523 
35            6096 
36            6876 
37            6601 
38            6299 
39            7377 
40            6694 
41            7617 
42            6933 
43            6381 
44            7553 
45            7291 
46            7353 
47            6350 
48            6727 
49            6848 
50            6097 
51            7174 
52            6289 
53            6927 
54            6605 
55            7075 
56            7057 
57            6812 
58            6478 
59            5630 
60            6663 
61*      7519.1833 
62*      7493.1932 
63*      7500.7627 

=== Evaluation on training data ===
Target                             1-step-ahead  2-steps-ahead  3-steps-ahead
=============================================================================
Denuncias
  N                                          59             58             57
  Mean absolute error                    689.85       871.7737         987.44
  Mean absolute percentage error        13.6829        18.4274        20.9032
  Root mean squared error              897.3772      1180.6448      1311.5932
  Mean squared error                805285.7706   1393922.2061   1720276.6857

Total number of instances: 60