=== Run information ===

Scheme:
	RandomForest -P 100 -I 100 -num-slots 1 -K 0 -M 1.0 -V 0.001 -S 1

Lagged and derived variable options:
	-F Denuncias -L 1 -M 1 -G Periodo -month -quarter

Relation:     MP Datos Proyecto Final (serie)
Instances:    60
Attributes:   2
              Periodo
              Denuncias

Transformed training data:

              Periodo
              Denuncias
              Lag_Denuncias-1
              Periodo^2
              Periodo^3
              Periodo*Lag_Denuncias-1

Denuncias:
RandomForest

Bagging with 100 iterations and base learner

weka.classifiers.trees.RandomTree -K 0 -M 1.0 -V 0.001 -S 1 -do-not-check-capabilities

=== Predictions for training data: Denuncias (1-step ahead) ===

      inst#       actual    predicted        error
          2         5482    5485.0235       3.0235
          3         5459    5528.3135      69.3135
          4         5815    5751.6285     -63.3715
          5         6089    6086.8061      -2.1939
          6         6044    6149.6915     105.6915
          7         6538    6376.9447    -161.0553
          8         6219    6162.0839     -56.9161
          9         5935    6111.1247     176.1247
         10         6401    6274.9396    -126.0604
         11         5652    5858.7411     206.7411
         12         5636    5903.4086     267.4086
         13         6655    6320.7569    -334.2431
         14         6597    6235.1202    -361.8798
         15         4745    5253.1354     508.1354
         16         1955    3252.1145    1297.1145
         17         3353    3668.4598     315.4598
         18         4316     4265.951      -50.049
         19         4479    4531.8389      52.8389
         20         5035    4876.4211    -158.5789
         21         5604    5510.8123     -93.1877
         22         5937    5743.8524    -193.1476
         23         5074     5309.178      235.178
         24         5353     5394.225       41.225
         25         5139    5306.7447     167.7447
         26         5589    5746.7491     157.7491
         27         6980    6726.3962    -253.6038
         28         6340    6410.9723      70.9723
         29         6747    6642.1767    -104.8233
         30         6515    6535.3233      20.3233
         31         6367    6458.3085      91.3085
         32         6576     6645.013       69.013
         33         6665    6640.2722     -24.7278
         34         7523    7027.0697    -495.9303
         35         6096    6409.7073     313.7073
         36         6876    6873.6833      -2.3167
         37         6601    6571.3958     -29.6042
         38         6299     6612.075      313.075
         39         7377    7086.5767    -290.4233
         40         6694     6737.983       43.983
         41         7617    7321.7599    -295.2401
         42         6933      6897.97       -35.03
         43         6381    6632.3132     251.3132
         44         7553    7557.3416       4.3416
         45         7291    7182.3777    -108.6223
         46         7353    7116.4655    -236.5345
         47         6350    6524.0643     174.0643
         48         6727    6893.7552     166.7552
         49         6848    6812.5415     -35.4585
         50         6097    6364.7755     267.7755
         51         7174    7054.8127    -119.1873
         52         6289    6421.5678     132.5678
         53         6927    6948.9702      21.9702
         54         6605    6605.7937       0.7937
         55         7075    6967.5173    -107.4827
         56         7057      6898.33      -158.67
         57         6812      6782.41       -29.59
         58         6478     6445.595      -32.405
         59         5630     6138.012      508.012
         60         6663    6589.0797     -73.9203

=== Future predictions from end of training data ===
inst#    Denuncias 
1             5482 
2             5482 
3             5459 
4             5815 
5             6089 
6             6044 
7             6538 
8             6219 
9             5935 
10            6401 
11            5652 
12            5636 
13            6655 
14            6597 
15            4745 
16            1955 
17            3353 
18            4316 
19            4479 
20            5035 
21            5604 
22            5937 
23            5074 
24            5353 
25            5139 
26            5589 
27            6980 
28            6340 
29            6747 
30            6515 
31            6367 
32            6576 
33            6665 
34            7523 
35            6096 
36            6876 
37            6601 
38            6299 
39            7377 
40            6694 
41            7617 
42            6933 
43            6381 
44            7553 
45            7291 
46            7353 
47            6350 
48            6727 
49            6848 
50            6097 
51            7174 
52            6289 
53            6927 
54            6605 
55            7075 
56            7057 
57            6812 
58            6478 
59            5630 
60            6663 
61*      6379.8033 
62*        6442.79 
63*        6310.21 

=== Evaluation on training data ===
Target                             1-step-ahead  2-steps-ahead  3-steps-ahead
=============================================================================
Denuncias
  N                                          59             58             57
  Mean absolute error                  170.9827        283.891       356.7316
  Mean absolute percentage error         3.6134         6.5967         8.1072
  Root mean squared error              260.0049       508.8203       606.8404
  Mean squared error                 67602.5645    258898.1239    368255.2705

Total number of instances: 60